5    4    2
3
4    50   100     10
19
1  1 200   2   (1,20),(84,17)
1  2  56   5   (12,7),(34,13),(44,2),(52,5),(56,10)
1  3   134  1  (15,3)
1  5   134  3  (12,7),(35,15),                                                   (46,5)
4  6   134  0
4  7   134  0
4  8   134  0
8  9   134  2  (8,  1),  (12,3)
8  10   134  0
31  11   134  0
32  12   134  4 (12,7),(34,13),(44,2),(52,5)
33  13   134  0
34  14   134  0
35  15   134  0
36  16   134  0
37  17   134  0
38  18   134  0
39  19   134  0
40  20   134  0
9   34
50  8