TT       PID       AT       CT       IO_D               WT       RT         TRT
3       1       2       5       0       0       0       1
39       3       6       33       0       0       0       33
52       11       22       31       0       0       0       30
64       25       50       6       0       8       9       14
71       19       38       27       0       6       7       33
75       23       46       22       0       7       8       29
75       16       32       7       0       36       37       43
80       24       48       5       0       27       27       32
93       17       34       18       0       41       41       59
100       20       40       29       0       31       31       60
153       15       30       50       6       73       4       123
195       18       36       59       7       100       3       159
201       7       14       57       7       130       25       187
230       6       12       76       18       142       0       218
230       2       5       89       22       136       0       225
288       26       52       61       7       175       12       236
341       5       11       92       22       238       0       330
444       14       29       82       20       333       7       415
536       22       44       71       16       421       56       492
541       28       57       90       22       394       35       484
591       27       55       84       20       452       46       536
629       13       27       111       42       491       0       602
647       10       21       116       42       510       25       626
685       29       59       95       36       531       10       626
699       30       61       96       36       542       10       638
725       8       17       139       68       569       0       708
736       4       9       126       64       601       0       727
754       9       19       128       64       607       2       735
785       21       43       153       76       589       8       742
794       12       25       133       68       636       27       769
Processes: 30
Avg WT = 260         Avg RT = 14         Avg TRT = 330
Migration % :          RTF = 4  ,   MAX W = 50
 Work Steal = 100%
 Forked Process = 0%
Killed Process = 3.33333 %

Processors : 5 { 5 FCFS , 0 SJF ,0 RR }
Prpcessor Load :
P1 = 3.70258 %      ,      P2 = 3.21832 %      ,      P3 = 3.94471 %      ,      P4 = 5.22599 %      ,      P5 = 4.79217 %      ,      
Processors Utiliz 
P1 = 46.2799 %      ,      P2 = 40.1763 %      ,      P3 = 49.2443 %      ,      P4 = 65.2393 %      ,      P5 = 59.8237 %      ,      AVG Utlization = 51
